place(4.722, 1.037, 0.279, "Farm", 0)
place(-3.047, 1.037, 10.540, "Ace Pilot", 0)
place(8.014, 1.037, -0.231, "Farm", 0)
upgrade(8.014, 1.037, -0.231, 58)
upgrade(-3.047, 1.037, 10.540, 4)
place(4.376, 1.037, 3.584, "Farm", 0)
upgrade(4.376, 1.037, 3.584, 4)
place(7.885, 1.037, 3.060, "Farm", 0)
upgrade(4.376, 1.037, 3.584, 3)
upgrade(7.885, 1.037, 3.060, 1)
upgrade(-3.047, 1.037, 10.540, 58)
upgrade(4.722, 1.037, 0.279, 2)
upgrade(4.376, 1.037, 3.584, 59)
upgrade(8.014, 1.037, -0.231, 3)
upgrade(4.722, 1.037, 0.279, 57)
upgrade(8.014, 1.037, -0.231, 2)
upgrade(7.885, 1.037, 3.060, 45)
upgrade(7.885, 1.037, 3.060, 4)
upgrade(-3.047, 1.037, 10.540, 1)
place(11.321, 1.037, -0.527, "Farm", 0)
upgrade(11.321, 1.037, -0.527, 48)
upgrade(11.321, 1.037, -0.527, 47)
place(0.108, 1.037, 10.850, "Ace Pilot", 0)
upgrade(0.108, 1.037, 10.850, 2)
upgrade(0.108, 1.037, 10.850, 1)
upgrade(0.108, 1.037, 10.850, 58)
upgrade(11.321, 1.037, -0.527, 50)
place(11.268, 1.037, 2.690, "Farm", 0)
upgrade(11.268, 1.037, 2.690, 3)
upgrade(11.268, 1.037, 2.690, 3)
upgrade(11.268, 1.037, 2.690, 58)
place(14.539, 1.037, -0.664, "Farm", 0)
upgrade(14.539, 1.037, -0.664, 52)
upgrade(14.539, 1.037, -0.664, 51)
upgrade(14.539, 1.037, -0.664, 4)
upgrade(0.108, 1.037, 10.850, 1)
place(14.888, 1.037, 2.692, "Farm", 0)
upgrade(14.888, 1.037, 2.692, 40)
upgrade(14.888, 1.037, 2.692, 40)
upgrade(14.888, 1.037, 2.692, 3)
place(-2.407, 1.037, 7.507, "Ace Pilot", 0)
upgrade(-2.407, 1.037, 7.507, 53)
upgrade(-2.407, 1.037, 7.507, 52)
place(-2.610, 1.000, 14.000, "Ace Pilot", 0)
upgrade(-2.610, 1.000, 14.000, 49)
upgrade(-2.610, 1.000, 14.000, 49)
upgrade(-2.407, 1.037, 7.507, 42)
upgrade(-2.610, 1.000, 14.000, 59)
place(-0.847, 1.037, -1.221, "DJ Booth", 0)
upgrade(-0.847, 1.037, -1.221, 53)
upgrade(-0.847, 1.037, -1.221, 52)
upgrade(-0.847, 1.037, -1.221, 45)
upgrade(-0.847, 1.037, -1.221, 55)
upgrade(-0.847, 1.037, -1.221, 59)
upgrade(-3.047, 1.037, 10.540, 47)
upgrade(0.108, 1.037, 10.850, 59)
upgrade(-3.047, 1.037, 10.540, 55)
upgrade(-2.610, 1.000, 14.000, 4)
upgrade(-2.610, 1.000, 14.000, 3)
upgrade(-2.407, 1.037, 7.507, 1)
upgrade(-2.407, 1.037, 7.507, 1)
place(-1.061, 1.037, -5.802, "Commander", 0)
upgrade(-1.061, 1.037, -5.802, 53)
upgrade(-1.061, 1.037, -5.802, 52)
upgrade(-1.061, 1.037, -5.802, 37)
ability(-1.061, 1.037, -5.802, "Call Of Arms", 36)
upgrade(-1.061, 1.037, -5.802, 59)
ability(-1.061, 1.037, -5.802, "Call Of Arms", 5)
place(5.111, 1.037, -16.914, "Accelerator", 0)
upgrade(5.111, 1.037, -16.914, 56)
upgrade(5.111, 1.037, -16.914, 56)
upgrade(5.111, 1.037, -16.914, 55)
place(-1.121, 1.037, -8.886, "Commander", 0)
place(1.999, 1.037, -8.949, "Commander", 0)
upgrade(1.999, 1.037, -8.949, 43)
upgrade(1.999, 1.037, -8.949, 42)
upgrade(-1.121, 1.037, -8.886, 40)
upgrade(-1.121, 1.037, -8.886, 35)
autoChain(-1.061, 1.037, -5.802, -1.121, 1.037, -8.886, 1.999, 1.037, -8.949, 33)
upgrade(5.111, 1.037, -16.914, 1)
place(5.063, 1.037, -13.743, "Ace Pilot", 0)
upgrade(5.111, 1.037, -16.914, 53)
upgrade(5.063, 1.037, -13.743, 49)
upgrade(5.063, 1.037, -13.743, 48)
upgrade(5.063, 1.037, -13.743, 42)
upgrade(5.063, 1.037, -13.743, 30)
upgrade(5.063, 1.037, -13.743, 3)
place(-1.181, 1.037, -20.573, "Accelerator", 0)
upgrade(-1.181, 1.037, -20.573, 51)
upgrade(-1.181, 1.037, -20.573, 51)
upgrade(-1.181, 1.037, -20.573, 50)
upgrade(-1.181, 1.037, -20.573, 35)
upgrade(-1.181, 1.037, -20.573, 51)
upgrade(1.999, 1.037, -8.949, 4)
upgrade(-1.121, 1.037, -8.886, 13)
place(1.931, 1.037, -20.500, "Accelerator", 0)
upgrade(1.931, 1.037, -20.500, 2)
upgrade(1.931, 1.037, -20.500, 1)
upgrade(1.931, 1.037, -20.500, 0)
upgrade(1.931, 1.037, -20.500, 49)
upgrade(1.931, 1.037, -20.500, 1)
place(1.843, 1.037, -17.346, "Accelerator", 0)
upgrade(1.843, 1.037, -17.346, 52)
upgrade(1.843, 1.037, -17.346, 52)
upgrade(1.843, 1.037, -17.346, 51)
upgrade(1.843, 1.037, -17.346, 43)
place(4.804, 1.000, -36.910, "Commander", 0)
place(-1.744, 1.000, -36.803, "Commander", 0)
upgrade(1.843, 1.037, -17.346, 46)
place(-1.309, 1.037, -17.397, "Accelerator", 0)
upgrade(-1.309, 1.037, -17.397, 38)
upgrade(-1.309, 1.037, -17.397, 37)
upgrade(-1.309, 1.037, -17.397, 37)
upgrade(-1.309, 1.037, -17.397, 27)
upgrade(-1.309, 1.037, -17.397, 57)
place(1.999, 1.037, -14.296, "Accelerator", 0)
upgrade(1.999, 1.037, -14.296, 49)
upgrade(1.999, 1.037, -14.296, 49)
upgrade(1.999, 1.037, -14.296, 48)
upgrade(1.999, 1.037, -14.296, 44)
upgrade(1.999, 1.037, -14.296, 15)
place(-1.166, 1.037, -14.318, "Accelerator", 0)
upgrade(-1.166, 1.037, -14.318, 9)
upgrade(-1.166, 1.037, -14.318, 9)
upgrade(-1.166, 1.037, -14.318, 8)
upgrade(-1.166, 1.037, -14.318, 3)
upgrade(-1.166, 1.037, -14.318, 1)
place(-4.272, 1.037, -14.254, "Accelerator", 0)
upgrade(-4.272, 1.037, -14.254, 52)
upgrade(-4.272, 1.037, -14.254, 52)
upgrade(-4.272, 1.037, -14.254, 51)
upgrade(-4.272, 1.037, -14.254, 51)
upgrade(-4.272, 1.037, -14.254, 38)
upgrade(-1.121, 1.037, -8.886, 18)
upgrade(1.999, 1.037, -8.949, 16)
place(8.194, 1.037, -17.503, "Ace Pilot", 0)
upgrade(8.194, 1.037, -17.503, 2)
upgrade(8.194, 1.037, -17.503, 2)
upgrade(8.194, 1.037, -17.503, 2)
upgrade(8.194, 1.037, -17.503, 1)
upgrade(8.194, 1.037, -17.503, 1)
place(-7.328, 1.037, -12.791, "Ace Pilot", 0)
upgrade(-7.328, 1.037, -12.791, 48)
upgrade(-7.328, 1.037, -12.791, 48)
upgrade(-7.328, 1.037, -12.791, 48)
upgrade(-7.328, 1.037, -12.791, 48)
upgrade(-7.328, 1.037, -12.791, 47)
place(-7.365, 1.037, -15.919, "Ace Pilot", 0)
upgrade(-7.365, 1.037, -15.919, 44)
upgrade(-7.365, 1.037, -15.919, 43)
upgrade(-7.365, 1.037, -15.919, 43)
upgrade(-7.365, 1.037, -15.919, 43)
upgrade(-7.365, 1.037, -15.919, 42)
place(-4.342, 1.037, -17.972, "Ace Pilot", 0)
upgrade(-4.342, 1.037, -17.972, 4)
upgrade(-4.342, 1.037, -17.972, 4)
upgrade(-4.342, 1.037, -17.972, 4)
upgrade(-4.342, 1.037, -17.972, 4)
upgrade(-4.342, 1.037, -17.972, 3)
place(8.355, 1.037, -14.397, "Ace Pilot", 0)
upgrade(8.355, 1.037, -14.397, 17)
upgrade(8.355, 1.037, -14.397, 17)
upgrade(8.355, 1.037, -14.397, 17)
upgrade(8.355, 1.037, -14.397, 17)
upgrade(8.355, 1.037, -14.397, 16)
sell(-2.407, 1.037, 7.507, 8)
place(8.246, 1.037, -11.261, "Ace Pilot", 0)
upgrade(8.246, 1.037, -11.261, 5)
upgrade(8.246, 1.037, -11.261, 5)
upgrade(8.246, 1.037, -11.261, 5)
upgrade(8.246, 1.037, -11.261, 4)
upgrade(8.246, 1.037, -11.261, 4)
sell(-2.610, 1.000, 14.000, 1)
place(7.559, 1.037, -8.145, "Ace Pilot", 0)
upgrade(7.559, 1.037, -8.145, 55)
upgrade(7.559, 1.037, -8.145, 55)
upgrade(7.559, 1.037, -8.145, 55)
upgrade(7.559, 1.037, -8.145, 54)
upgrade(7.559, 1.037, -8.145, 54)
sell(0.108, 1.037, 10.850, 33)
place(-4.177, 1.037, -10.982, "Ace Pilot", 0)
upgrade(-4.177, 1.037, -10.982, 18)
upgrade(-4.177, 1.037, -10.982, 18)
upgrade(-4.177, 1.037, -10.982, 17)
upgrade(-4.177, 1.037, -10.982, 17)
upgrade(-4.177, 1.037, -10.982, 17)
sell(14.888, 1.037, 2.692, 56)
sell(14.539, 1.037, -0.664, 56)
sell(11.268, 1.037, 2.690, 55)
sell(11.321, 1.037, -0.527, 54)
sell(7.885, 1.037, 3.060, 53)
sell(8.014, 1.037, -0.231, 52)
sell(4.722, 1.037, 0.279, 51)
sell(4.376, 1.037, 3.584, 51)
place(6.913, 1.037, -32.369, "Commander", 0)
place(12.504, 1.037, -31.018, "Commander", 0)
place(-1.210, 1.037, -31.758, "Commander", 0)
place(2.134, 1.037, -5.656, "Ace Pilot", 0)
place(13.097, 1.037, -27.570, "Commander", 0)
place(13.970, 1.037, -24.147, "Commander", 0)
upgrade(13.097, 1.037, -27.570, 11)
upgrade(13.097, 1.037, -27.570, 11)
upgrade(13.097, 1.037, -27.570, 11)
upgrade(13.097, 1.037, -27.570, 11)
place(18.116, 1.037, -14.737, "Commander", 0)
upgrade(13.970, 1.037, -24.147, 8)
upgrade(13.970, 1.037, -24.147, 8)
upgrade(13.970, 1.037, -24.147, 8)
upgrade(13.970, 1.037, -24.147, 7)
place(7.010, 1.037, 2.310, "Commander", 0)
upgrade(18.116, 1.037, -14.737, 4)
upgrade(18.116, 1.037, -14.737, 4)
upgrade(18.116, 1.037, -14.737, 4)
upgrade(18.116, 1.037, -14.737, 4)
place(14.491, 1.037, 0.246, "Commander", 0)
upgrade(7.010, 1.037, 2.310, 2)
upgrade(7.010, 1.037, 2.310, 2)
upgrade(7.010, 1.037, 2.310, 2)
upgrade(7.010, 1.037, 2.310, 2)
sell(1.931, 1.037, -20.500, 55)
sell(-1.181, 1.037, -20.573, 54)
place(2.566, 1.037, 4.016, "Accelerator", 0)
upgrade(14.491, 1.037, 0.246, 51)
upgrade(14.491, 1.037, 0.246, 51)
upgrade(14.491, 1.037, 0.246, 51)
upgrade(14.491, 1.037, 0.246, 51)
upgrade(14.491, 1.037, 0.246, 50)
place(-0.622, 1.037, 4.451, "Accelerator", 0)
upgrade(2.566, 1.037, 4.016, 49)
upgrade(2.566, 1.037, 4.016, 48)
upgrade(2.566, 1.037, 4.016, 48)
upgrade(2.566, 1.037, 4.016, 48)
upgrade(2.566, 1.037, 4.016, 48)
sell(-1.309, 1.037, -17.397, 46)
place(2.665, 1.037, 7.091, "Accelerator", 0)
upgrade(-0.622, 1.037, 4.451, 43)
upgrade(-0.622, 1.037, 4.451, 43)
upgrade(-0.622, 1.037, 4.451, 43)
upgrade(-0.622, 1.037, 4.451, 43)
upgrade(-0.622, 1.037, 4.451, 43)
sell(-4.272, 1.037, -14.254, 30)
place(-0.520, 1.037, 7.503, "Accelerator", 0)
upgrade(2.665, 1.037, 7.091, 27)
upgrade(2.665, 1.037, 7.091, 27)
upgrade(2.665, 1.037, 7.091, 27)
upgrade(2.665, 1.037, 7.091, 27)
upgrade(2.665, 1.037, 7.091, 26)
sell(1.843, 1.037, -17.346, 24)
place(-3.698, 1.037, 4.720, "Accelerator", 0)
upgrade(-0.520, 1.037, 7.503, 22)
upgrade(-0.520, 1.037, 7.503, 22)
upgrade(-0.520, 1.037, 7.503, 21)
upgrade(-0.520, 1.037, 7.503, 21)
upgrade(-0.520, 1.037, 7.503, 21)
sell(5.111, 1.037, -16.914, 18)
place(5.981, 1.037, 5.878, "Accelerator", 0)
upgrade(-3.698, 1.037, 4.720, 14)
upgrade(-3.698, 1.037, 4.720, 13)
upgrade(-3.698, 1.037, 4.720, 13)
upgrade(-3.698, 1.037, 4.720, 13)
upgrade(-3.698, 1.037, 4.720, 12)
sell(1.999, 1.037, -14.296, 9)
place(-7.120, 1.037, 4.642, "Accelerator", 0)
upgrade(5.981, 1.037, 5.878, 5)
upgrade(5.981, 1.037, 5.878, 5)
upgrade(5.981, 1.037, 5.878, 5)
upgrade(5.981, 1.037, 5.878, 5)
upgrade(5.981, 1.037, 5.878, 4)
sell(-7.365, 1.037, -15.919, 3)
sell(-1.166, 1.037, -14.318, 2)
place(-6.538, 1.037, 7.977, "Accelerator", 0)
upgrade(-7.120, 1.037, 4.642, 59)
upgrade(-7.120, 1.037, 4.642, 58)
upgrade(-7.120, 1.037, 4.642, 57)
upgrade(-7.120, 1.037, 4.642, 57)
upgrade(-7.120, 1.037, 4.642, 57)
ability(18.116, 1.037, -14.737, "Call Of Arms", 54)
place(0.766, 1.037, 10.778, "Commander", 0)
upgrade(-6.538, 1.037, 7.977, 51)
upgrade(-6.538, 1.037, 7.977, 51)
upgrade(-6.538, 1.037, 7.977, 50)
upgrade(-6.538, 1.037, 7.977, 50)
sell(-3.698, 1.037, 4.720, 44)
place(-9.132, 1.037, 11.227, "Accelerator", 0)
upgrade(0.766, 1.037, 10.778, 43)
upgrade(0.766, 1.037, 10.778, 42)
upgrade(0.766, 1.037, 10.778, 42)
upgrade(0.766, 1.037, 10.778, 42)
upgrade(0.766, 1.037, 10.778, 42)
sell(14.491, 1.037, 0.246, 41)
place(-9.551, 1.000, 14.397, "Accelerator", 0)
upgrade(-9.132, 1.037, 11.227, 39)
upgrade(-9.132, 1.037, 11.227, 39)
upgrade(-9.132, 1.037, 11.227, 39)
upgrade(-9.132, 1.037, 11.227, 38)
upgrade(-9.132, 1.037, 11.227, 38)
sell(2.566, 1.037, 4.016, 27)
place(-5.509, 1.000, 16.630, "Accelerator", 0)
upgrade(-9.551, 1.000, 14.397, 25)
upgrade(-9.551, 1.000, 14.397, 25)
upgrade(-9.551, 1.000, 14.397, 25)
upgrade(-9.551, 1.000, 14.397, 24)
upgrade(-9.551, 1.000, 14.397, 24)
sell(-0.622, 1.037, 4.451, 24)
place(-7.282, 1.000, 22.578, "Accelerator", 0)
upgrade(-5.509, 1.000, 16.630, 22)
upgrade(-5.509, 1.000, 16.630, 22)
upgrade(-5.509, 1.000, 16.630, 22)
upgrade(-5.509, 1.000, 16.630, 21)
upgrade(-5.509, 1.000, 16.630, 21)
sell(-0.520, 1.037, 7.503, 20)
place(-1.027, 1.000, 25.942, "Accelerator", 0)
upgrade(-7.282, 1.000, 22.578, 18)
upgrade(-7.282, 1.000, 22.578, 18)
upgrade(-7.282, 1.000, 22.578, 18)
upgrade(-7.282, 1.000, 22.578, 17)
upgrade(-7.282, 1.000, 22.578, 17)
sell(5.981, 1.037, 5.878, 17)
place(-5.378, 1.000, 31.606, "Accelerator", 0)
upgrade(-1.027, 1.000, 25.942, 15)
upgrade(-1.027, 1.000, 25.942, 15)
upgrade(-1.027, 1.000, 25.942, 15)
upgrade(-1.027, 1.000, 25.942, 15)
upgrade(-1.027, 1.000, 25.942, 15)
